# Directors
# Purple
\9, 37, 11, 8, 5

# Mahe
36,  6, 14, 4
36,  8, 16, 4
36, 10, 18, 4

# Gelatt 27-35
\9, 27, 20, 15, 3

# DJ Qbert
\9, 73, 5, 22,9

# SID
\9, 88, 20, 22,11

####################################
# Andrew Boudreau

# Cohge
\6, 97, 6, 36, 12

# Arcade Express
\9, 0, 21, 36, 0


### Same line:
# Brian Sallee codes 9-17
\9, 9, 4, 44, 1
# Atrac17
\9, 112, 22, 44, 14


# Lionel Lenoble
\9, 103, 5, 52, 13
# Daniel Bauza 18-26
\9, 18, 21, 52, 2

# McMahon
52,  6, 60, 7
53,  8, 60, 7
54,  6, 62, 7
55,  8, 62, 7
56,  6, 64, 7
57,  8, 64, 7

# Sembiance

# Tomiyori
46, 21, 60, 6
47, 23, 60, 6
48, 21, 62, 6
49, 23, 62, 6
50, 21, 64, 6
51, 23, 64, 6

# Christian Bailey

# JT
58, 16, 108, 8
59, 18, 108, 8
60, 20, 108, 8
61, 22, 108, 8
62, 24, 108, 8
63, 16, 110, 8
64, 18, 110, 8
65, 20, 110, 8
66, 22, 110, 8
67, 24, 110, 8
68, 16, 112, 8
69, 18, 112, 8
70, 20, 112, 8
71, 22, 112, 8
72, 24, 112, 8

# Table end marked by ID 255
255, 0,0,0